topofilteredfilled_reavis2.txt
ncols         226
nrows         113
xllcorner     478738.05261719
yllcorner     3713055.61
cellsize      0.995324599004
NODATA_value  1
[rows 0 to 28 of 113, columns 64 to 127 of 226]
1.000 1.000 1.000 1.000 1.000 1.000 1.000 1.000 1.000 1.000 1.000 1.000 1.000 1.000 1.000 1.000 1.000 1.000 1.000 1.000 1.000 1.000 1.000 1.000 1.000 1.000 1.000 1.000 1.000 1.000 1.000 1.000 1.000 1.000 1.000 1.000 1.000 1.000 1.000 1.000 1.000 1.000 1.000 1.000 1.000 1.000 1.000 1.000 1.000 1.000 1.000 1.000 1.000 1.000 1.000 1.000 1.000 1.000 1.000 1.000 1.000 1.000 1.000 1.000
1.000 1.000 1.000 1.000 1.000 1.000 1.000 1057.196 1057.390 1057.673 1057.985 1058.310 1058.661 1059.024 1059.285 1.000 1.000 1.000 1.000 1.000 1.000 1.000 1.000 1.000 1064.268 1064.629 1065.190 1065.787 1066.233 1.000 1.000 1.000 1.000 1.000 1.000 1.000 1.000 1.000 1.000 1.000 1.000 1.000 1.000 1.000 1.000 1.000 1.000 1.000 1.000 1.000 1.000 1.000 1.000 1.000 1.000 1.000 1.000 1.000 1.000 1.000 1.000 1.000 1.000 1.000
1.000 1.000 1.000 1.000 1.000 1.000 1056.818 1057.042 1057.285 1057.560 1057.855 1058.175 1058.530 1058.913 1059.289 1059.706 1060.141 1060.478 1.000 1061.964 1062.251 1062.631 1063.056 1063.537 1064.069 1064.568 1065.161 1065.797 1066.410 1067.048 1067.591 1068.078 1068.561 1069.071 1069.579 1070.091 1070.619 1071.118 1071.475 1.000 1.000 1.000 1.000 1.000 1.000 1.000 1.000 1.000 1.000 1.000 1.000 1.000 1.000 1.000 1.000 1.000 1.000 1.000 1.000 1.000 1.000 1.000 1.000 1.000
1055.742 1055.820 1055.864 1055.931 1056.053 1056.244 1056.560 1056.835 1057.103 1057.371 1057.656 1057.975 1058.329 1058.713 1059.126 1059.573 1060.043 1060.513 1061.035 1061.633 1062.090 1062.529 1062.974 1063.450 1063.953 1064.491 1065.102 1065.764 1066.426 1067.057 1067.621 1068.136 1068.627 1069.115 1069.598 1070.100 1070.635 1071.167 1071.658 1072.158 1072.470 1.000 1.000 1.000 1.000 1.000 1.000 1.000 1.000 1.000 1.000 1.000 1.000 1.000 1.000 1.000 1.000 1.000 1.000 1.000 1.000 1.000 1.000 1.000
1055.599 1055.678 1055.735 1055.808 1055.928 1056.104 1056.347 1056.616 1056.888 1057.154 1057.442 1057.776 1058.140 1058.520 1058.933 1059.378 1059.854 1060.366 1060.900 1061.428 1061.915 1062.390 1062.861 1063.342 1063.852 1064.417 1065.051 1065.729 1066.402 1067.041 1067.633 1068.184 1068.691 1069.162 1069.626 1070.121 1070.658 1071.195 1071.702 1072.188 1072.643 1073.168 1073.543 1.000 1.000 1.000 1.000 1.000 1.000 1.000 1.000 1.000 1.000 1.000 1.000 1.000 1.000 1.000 1.000 1.000 1.000 1.000 1.000 1.000
1055.384 1055.469 1055.543 1055.629 1055.758 1055.935 1056.157 1056.411 1056.676 1056.939 1057.234 1057.584 1057.958 1058.340 1058.742 1059.171 1059.645 1060.185 1060.747 1061.267 1061.757 1062.256 1062.755 1063.250 1063.773 1064.365 1065.018 1065.693 1066.351 1066.987 1067.594 1068.170 1068.694 1069.166 1069.626 1070.126 1070.668 1071.201 1071.706 1072.201 1072.709 1073.253 1073.770 1074.312 1074.667 1.000 1.000 1.000 1.000 1.000 1.000 1.000 1.000 1.000 1.000 1.000 1.000 1.000 1.000 1.000 1.000 1.000 1.000 1.000
1055.146 1055.232 1055.317 1055.418 1055.557 1055.739 1055.952 1056.193 1056.452 1056.721 1057.034 1057.399 1057.780 1058.165 1058.561 1058.984 1059.467 1060.029 1060.607 1061.130 1061.627 1062.146 1062.670 1063.179 1063.713 1064.320 1064.979 1065.641 1066.278 1066.904 1067.512 1068.093 1068.628 1069.111 1069.586 1070.103 1070.654 1071.185 1071.689 1072.196 1072.732 1073.294 1073.845 1074.386 1074.899 1075.477 1075.877 1.000 1.000 1.000 1.000 1.000 1.000 1.000 1.000 1.000 1.000 1.000 1.000 1.000 1.000 1.000 1.000 1.000
1054.854 1054.935 1055.023 1055.136 1055.282 1055.464 1055.671 1055.904 1056.163 1056.454 1056.800 1057.184 1057.566 1057.952 1058.355 1058.791 1059.295 1059.867 1060.445 1060.975 1061.491 1062.033 1062.576 1063.099 1063.641 1064.242 1064.884 1065.525 1066.150 1066.769 1067.369 1067.944 1068.488 1068.992 1069.494 1070.037 1070.598 1071.129 1071.633 1072.152 1072.705 1073.275 1073.835 1074.397 1074.951 1075.489 1075.977 1076.450 1076.923 1077.453 1078.014 1078.565 1079.103 1079.633 1080.182 1080.749 1081.273 1081.785 1082.310 1082.818 1083.241 1083.541 1.000 1.000
1054.517 1054.590 1054.677 1054.797 1054.945 1055.124 1055.331 1055.562 1055.833 1056.159 1056.544 1056.941 1057.320 1057.707 1058.129 1058.596 1059.121 1059.689 1060.256 1060.795 1061.337 1061.897 1062.449 1062.983 1063.527 1064.101 1064.707 1065.322 1065.948 1066.567 1067.160 1067.733 1068.296 1068.829 1069.365 1069.932 1070.493 1071.020 1071.531 1072.065 1072.633 1073.205 1073.760 1074.327 1074.895 1075.429 1075.934 1076.402 1076.871 1077.393 1077.949 1078.503 1079.043 1079.566 1080.102 1080.661 1081.197 1081.722 1082.257 1082.793 1083.290 1083.761 1084.277 1084.654
1054.157 1054.230 1054.318 1054.448 1054.605 1054.791 1055.009 1055.256 1055.554 1055.914 1056.324 1056.724 1057.104 1057.497 1057.942 1058.441 1058.983 1059.543 1060.094 1060.631 1061.178 1061.738 1062.292 1062.838 1063.381 1063.932 1064.509 1065.100 1065.721 1066.342 1066.936 1067.517 1068.099 1068.660 1069.232 1069.815 1070.370 1070.900 1071.434 1071.999 1072.580 1073.139 1073.664 1074.204 1074.763 1075.317 1075.847 1076.325 1076.795 1077.315 1077.870 1078.431 1078.978 1079.501 1080.022 1080.565 1081.102 1081.637 1082.191 1082.766 1083.326 1083.860 1084.348 1084.768
1053.803 1053.876 1053.963 1054.105 1054.294 1054.513 1054.763 1055.041 1055.367 1055.744 1056.144 1056.533 1056.921 1057.331 1057.795 1058.315 1058.873 1059.430 1059.967 1060.486 1061.022 1061.577 1062.135 1062.682 1063.212 1063.744 1064.309 1064.881 1065.481 1066.099 1066.711 1067.312 1067.906 1068.487 1069.078 1069.658 1070.203 1070.746 1071.320 1071.935 1072.541 1073.092 1073.585 1074.082 1074.614 1075.182 1075.742 1076.238 1076.718 1077.246 1077.810 1078.382 1078.935 1079.457 1079.969 1080.498 1081.033 1081.573 1082.147 1082.756 1083.358 1083.930 1084.440 1084.890
1053.459 1053.529 1053.607 1053.754 1053.978 1054.255 1054.560 1054.877 1055.225 1055.596 1055.968 1056.338 1056.730 1057.157 1057.639 1058.174 1058.740 1059.302 1059.841 1060.351 1060.875 1061.425 1061.984 1062.520 1063.028 1063.534 1064.080 1064.638 1065.220 1065.839 1066.479 1067.116 1067.729 1068.303 1068.866 1069.411 1069.939 1070.487 1071.082 1071.737 1072.383 1072.959 1073.461 1073.947 1074.457 1075.012 1075.584 1076.116 1076.630 1077.175 1077.750 1078.322 1078.870 1079.393 1079.915 1080.455 1080.996 1081.539 1082.124 1082.749 1083.371 1083.967 1084.507 1084.982
1053.119 1053.178 1053.252 1053.403 1053.652 1053.981 1054.340 1054.702 1055.067 1055.429 1055.780 1056.142 1056.543 1056.982 1057.467 1057.999 1058.563 1059.132 1059.685 1060.210 1060.739 1061.286 1061.837 1062.357 1062.848 1063.337 1063.865 1064.410 1064.980 1065.599 1066.252 1066.906 1067.526 1068.081 1068.604 1069.115 1069.627 1070.166 1070.753 1071.414 1072.086 1072.695 1073.238 1073.763 1074.292 1074.846 1075.423 1075.984 1076.529 1077.081 1077.651 1078.208 1078.743 1079.275 1079.824 1080.390 1080.945 1081.498 1082.092 1082.726 1083.352 1083.947 1084.497 1084.988
1052.777 1052.845 1052.941 1053.116 1053.388 1053.747 1054.140 1054.529 1054.894 1055.237 1055.577 1055.949 1056.365 1056.812 1057.288 1057.803 1058.358 1058.940 1059.513 1060.054 1060.580 1061.110 1061.643 1062.150 1062.636 1063.126 1063.652 1064.198 1064.766 1065.378 1066.019 1066.660 1067.273 1067.815 1068.307 1068.797 1069.307 1069.845 1070.420 1071.073 1071.745 1072.372 1072.958 1073.527 1074.081 1074.647 1075.238 1075.830 1076.394 1076.934 1077.481 1078.023 1078.557 1079.108 1079.691 1080.283 1080.854 1081.420 1082.020 1082.651 1083.272 1083.856 1084.400 1084.900
1052.447 1052.548 1052.691 1052.913 1053.220 1053.597 1054.000 1054.388 1054.732 1055.045 1055.381 1055.777 1056.213 1056.663 1057.127 1057.627 1058.173 1058.757 1059.327 1059.860 1060.371 1060.885 1061.402 1061.906 1062.402 1062.905 1063.437 1063.989 1064.559 1065.162 1065.786 1066.408 1067.008 1067.545 1068.022 1068.502 1069.020 1069.569 1070.142 1070.776 1071.431 1072.067 1072.684 1073.279 1073.850 1074.426 1075.032 1075.649 1076.227 1076.750 1077.276 1077.818 1078.373 1078.955 1079.565 1080.169 1080.746 1081.319 1081.916 1082.531 1083.135 1083.704 1084.252 1084.786
1052.134 1052.290 1052.493 1052.770 1053.114 1053.496 1053.884 1054.253 1054.577 1054.879 1055.229 1055.647 1056.088 1056.526 1056.981 1057.477 1058.020 1058.592 1059.145 1059.664 1060.169 1060.676 1061.176 1061.678 1062.182 1062.688 1063.208 1063.753 1064.317 1064.908 1065.517 1066.126 1066.726 1067.273 1067.752 1068.229 1068.753 1069.318 1069.904 1070.523 1071.157 1071.785 1072.401 1073.006 1073.602 1074.194 1074.794 1075.416 1076.010 1076.540 1077.068 1077.626 1078.214 1078.829 1079.449 1080.044 1080.613 1081.186 1081.777 1082.365 1082.942 1083.506 1084.091 1084.694
1051.852 1052.065 1052.319 1052.634 1052.995 1053.370 1053.741 1054.094 1054.418 1054.744 1055.121 1055.546 1055.973 1056.400 1056.853 1057.351 1057.886 1058.431 1058.958 1059.469 1059.977 1060.487 1060.986 1061.493 1062.002 1062.498 1062.989 1063.508 1064.058 1064.637 1065.238 1065.844 1066.447 1066.999 1067.484 1067.971 1068.510 1069.099 1069.704 1070.313 1070.922 1071.522 1072.114 1072.717 1073.344 1073.956 1074.542 1075.151 1075.757 1076.305 1076.848 1077.426 1078.044 1078.687 1079.307 1079.876 1080.419 1080.982 1081.563 1082.128 1082.692 1083.270 1083.905 1084.581
1051.637 1051.894 1052.171 1052.489 1052.844 1053.215 1053.588 1053.942 1054.286 1054.645 1055.041 1055.457 1055.869 1056.294 1056.754 1057.249 1057.757 1058.250 1058.738 1059.250 1059.771 1060.296 1060.809 1061.322 1061.830 1062.326 1062.812 1063.315 1063.848 1064.413 1065.004 1065.604 1066.193 1066.732 1067.224 1067.735 1068.305 1068.924 1069.537 1070.127 1070.708 1071.272 1071.829 1072.423 1073.072 1073.707 1074.289 1074.876 1075.469 1076.027 1076.595 1077.202 1077.848 1078.508 1079.117 1079.658 1080.171 1080.707 1081.264 1081.824 1082.407 1083.017 1083.684 1084.392
1051.514 1051.803 1052.083 1052.381 1052.710 1053.068 1053.443 1053.804 1054.166 1054.546 1054.941 1055.345 1055.753 1056.191 1056.668 1057.163 1057.633 1058.066 1058.515 1059.021 1059.544 1060.078 1060.609 1061.131 1061.645 1062.162 1062.667 1063.165 1063.681 1064.223 1064.792 1065.377 1065.952 1066.487 1066.996 1067.531 1068.129 1068.769 1069.381 1069.958 1070.523 1071.055 1071.576 1072.146 1072.787 1073.422 1074.003 1074.578 1075.160 1075.734 1076.340 1076.985 1077.649 1078.307 1078.889 1079.405 1079.903 1080.427 1080.976 1081.554 1082.174 1082.810 1083.470 1084.157
1051.459 1051.776 1052.056 1052.328 1052.616 1052.932 1053.287 1053.645 1054.017 1054.404 1054.795 1055.199 1055.617 1056.073 1056.563 1057.054 1057.491 1057.878 1058.301 1058.790 1059.310 1059.849 1060.396 1060.941 1061.481 1062.023 1062.544 1063.040 1063.540 1064.051 1064.582 1065.139 1065.707 1066.257 1066.785 1067.329 1067.933 1068.579 1069.195 1069.781 1070.350 1070.867 1071.360 1071.898 1072.508 1073.124 1073.708 1074.291 1074.883 1075.475 1076.109 1076.774 1077.435 1078.070 1078.623 1079.126 1079.632 1080.171 1080.744 1081.359 1082.013 1082.648 1083.265 1083.902
1051.404 1051.737 1052.022 1052.276 1052.518 1052.776 1053.090 1053.432 1053.805 1054.191 1054.583 1055.004 1055.449 1055.924 1056.424 1056.911 1057.337 1057.718 1058.135 1058.607 1059.121 1059.659 1060.208 1060.765 1061.326 1061.888 1062.424 1062.931 1063.430 1063.925 1064.424 1064.948 1065.493 1066.039 1066.567 1067.103 1067.700 1068.348 1068.979 1069.578 1070.155 1070.678 1071.170 1071.692 1072.279 1072.880 1073.467 1074.066 1074.672 1075.267 1075.891 1076.546 1077.194 1077.811 1078.361 1078.871 1079.394 1079.951 1080.553 1081.195 1081.848 1082.449 1083.016 1083.605
1051.307 1051.644 1051.937 1052.176 1052.371 1052.559 1052.814 1053.133 1053.505 1053.901 1054.317 1054.768 1055.236 1055.721 1056.229 1056.720 1057.166 1057.583 1058.015 1058.471 1058.972 1059.503 1060.048 1060.610 1061.181 1061.756 1062.313 1062.840 1063.342 1063.831 1064.317 1064.817 1065.330 1065.849 1066.361 1066.890 1067.484 1068.137 1068.786 1069.395 1069.971 1070.502 1071.005 1071.529 1072.107 1072.698 1073.288 1073.895 1074.508 1075.092 1075.676 1076.304 1076.949 1077.568 1078.131 1078.660 1079.196 1079.762 1080.378 1081.019 1081.635 1082.195 1082.732 1083.296
1051.163 1051.494 1051.788 1052.009 1052.164 1052.300 1052.502 1052.788 1053.152 1053.576 1054.038 1054.514 1054.972 1055.428 1055.927 1056.448 1056.952 1057.426 1057.875 1058.310 1058.789 1059.315 1059.876 1060.467 1061.062 1061.648 1062.216 1062.744 1063.228 1063.701 1064.179 1064.670 1065.165 1065.665 1066.169 1066.708 1067.310 1067.968 1068.620 1069.230 1069.805 1070.342 1070.856 1071.389 1071.962 1072.543 1073.128 1073.727 1074.335 1074.912 1075.474 1076.088 1076.729 1077.341 1077.906 1078.445 1078.997 1079.572 1080.187 1080.808 1081.376 1081.911 1082.435 1082.980
1051.000 1051.314 1051.590 1051.789 1051.925 1052.054 1052.243 1052.511 1052.866 1053.313 1053.808 1054.283 1054.703 1055.114 1055.607 1056.175 1056.739 1057.254 1057.706 1058.117 1058.570 1059.093 1059.687 1060.329 1060.959 1061.559 1062.128 1062.648 1063.108 1063.550 1064.004 1064.480 1064.965 1065.466 1065.986 1066.544 1067.154 1067.806 1068.446 1069.053 1069.630 1070.173 1070.704 1071.254 1071.823 1072.388 1072.957 1073.537 1074.129 1074.694 1075.250 1075.872 1076.516 1077.122 1077.679 1078.222 1078.794 1079.380 1079.979 1080.566 1081.093 1081.615 1082.139 1082.676
1050.845 1051.134 1051.387 1051.578 1051.729 1051.895 1052.117 1052.398 1052.746 1053.190 1053.685 1054.128 1054.497 1054.868 1055.351 1055.947 1056.549 1057.097 1057.555 1057.946 1058.369 1058.890 1059.518 1060.200 1060.852 1061.452 1062.014 1062.530 1062.979 1063.389 1063.808 1064.257 1064.738 1065.257 1065.803 1066.370 1066.967 1067.597 1068.226 1068.841 1069.430 1069.990 1070.545 1071.109 1071.665 1072.204 1072.743 1073.289 1073.844 1074.392 1074.960 1075.604 1076.262 1076.879 1077.437 1077.972 1078.542 1079.128 1079.707 1080.262 1080.775 1081.306 1081.852 1082.410
1050.794 1051.046 1051.276 1051.473 1051.662 1051.890 1052.175 1052.494 1052.835 1053.255 1053.727 1054.136 1054.466 1054.814 1055.284 1055.868 1056.463 1057.010 1057.454 1057.816 1058.212 1058.731 1059.377 1060.073 1060.724 1061.309 1061.850 1062.358 1062.804 1063.205 1063.610 1064.053 1064.540 1065.073 1065.630 1066.192 1066.763 1067.368 1067.988 1068.605 1069.200 1069.782 1070.366 1070.937 1071.471 1071.986 1072.502 1073.022 1073.548 1074.092 1074.678 1075.324 1075.971 1076.587 1077.144 1077.660 1078.213 1078.795 1079.374 1079.930 1080.463 1081.025 1081.611 1082.216
1050.944 1051.137 1051.331 1051.529 1051.760 1052.051 1052.409 1052.779 1053.124 1053.517 1053.961 1054.359 1054.689 1055.045 1055.501 1056.041 1056.586 1057.075 1057.455 1057.757 1058.113 1058.616 1059.249 1059.929 1060.564 1061.135 1061.660 1062.156 1062.605 1063.018 1063.443 1063.907 1064.401 1064.926 1065.476 1066.025 1066.571 1067.148 1067.746 1068.343 1068.928 1069.531 1070.149 1070.732 1071.254 1071.757 1072.263 1072.773 1073.290 1073.839 1074.430 1075.047 1075.647 1076.230 1076.769 1077.269 1077.804 1078.386 1078.996 1079.598 1080.181 1080.783 1081.407 1082.068
1051.265 1051.399 1051.556 1051.752 1052.008 1052.340 1052.746 1053.151 1053.516 1053.904 1054.337 1054.765 1055.157 1055.559 1056.002 1056.468 1056.918 1057.295 1057.564 1057.777 1058.075 1058.539 1059.133 1059.771 1060.374 1060.925 1061.439 1061.924 1062.377 1062.817 1063.285 1063.784 1064.290 1064.810 1065.351 1065.887 1066.411 1066.958 1067.528 1068.097 1068.672 1069.285 1069.916 1070.506 1071.034 1071.539 1072.044 1072.550 1073.060 1073.606 1074.193 1074.777 1075.325 1075.861 1076.378 1076.876 1077.401 1077.984 1078.633 1079.294 1079.923 1080.548 1081.198 1081.916
1051.669 1051.784 1051.926 1052.123 1052.387 1052.731 1053.149 1053.566 1053.959 1054.381 1054.845 1055.338 1055.825 1056.287 1056.696 1057.056 1057.371 1057.618 1057.777 1057.894 1058.104 1058.486 1059.005 1059.579 1060.141 1060.672 1061.171 1061.644 1062.106 1062.582 1063.099 1063.629 1064.154 1064.690 1065.239 1065.772 1066.289 1066.818 1067.365 1067.912 1068.479 1069.082 1069.690 1070.270 1070.805 1071.317 1071.815 1072.304 1072.789 1073.319 1073.903 1074.477 1075.003 1075.514 1076.031 1076.551 1077.074 1077.639 1078.294 1078.982 1079.638 1080.279 1080.949 1081.722
