topofilteredfilled_reavis2.txt
ncols         226
nrows         113
xllcorner     478738.05261719
yllcorner     3713055.61
cellsize      0.995324599004
NODATA_value  1
[rows 29 to 57 of 113, columns 64 to 127 of 226]
1052.101 1052.252 1052.405 1052.602 1052.856 1053.190 1053.603 1054.039 1054.487 1054.982 1055.508 1056.056 1056.602 1057.085 1057.427 1057.654 1057.818 1057.944 1058.022 1058.073 1058.194 1058.455 1058.853 1059.331 1059.842 1060.362 1060.854 1061.330 1061.818 1062.340 1062.898 1063.454 1064.002 1064.563 1065.124 1065.660 1066.184 1066.715 1067.256 1067.794 1068.353 1068.925 1069.487 1070.036 1070.564 1071.067 1071.545 1072.003 1072.453 1072.956 1073.526 1074.105 1074.649 1075.160 1075.681 1076.221 1076.751 1077.297 1077.921 1078.595 1079.263 1079.927 1080.625 1081.457
1052.544 1052.766 1052.944 1053.148 1053.404 1053.741 1054.168 1054.645 1055.158 1055.713 1056.277 1056.825 1057.337 1057.758 1058.011 1058.132 1058.192 1058.251 1058.301 1058.328 1058.376 1058.512 1058.770 1059.136 1059.585 1060.087 1060.577 1061.064 1061.586 1062.150 1062.733 1063.309 1063.877 1064.447 1065.008 1065.546 1066.083 1066.630 1067.175 1067.708 1068.251 1068.786 1069.297 1069.812 1070.319 1070.802 1071.253 1071.680 1072.109 1072.592 1073.146 1073.729 1074.295 1074.815 1075.332 1075.885 1076.441 1076.994 1077.586 1078.224 1078.894 1079.583 1080.317 1081.223
1052.969 1053.288 1053.506 1053.718 1053.980 1054.326 1054.770 1055.282 1055.837 1056.416 1056.977 1057.478 1057.898 1058.212 1058.389 1058.465 1058.506 1058.570 1058.638 1058.674 1058.683 1058.724 1058.850 1059.083 1059.431 1059.874 1060.349 1060.845 1061.383 1061.962 1062.554 1063.157 1063.752 1064.324 1064.875 1065.407 1065.944 1066.495 1067.031 1067.547 1068.067 1068.569 1069.048 1069.544 1070.034 1070.498 1070.932 1071.356 1071.801 1072.290 1072.830 1073.393 1073.946 1074.471 1075.000 1075.587 1076.191 1076.776 1077.359 1077.971 1078.638 1079.349 1080.119 1081.075
1053.307 1053.741 1054.025 1054.256 1054.515 1054.847 1055.271 1055.779 1056.337 1056.913 1057.459 1057.915 1058.261 1058.499 1058.642 1058.729 1058.813 1058.924 1059.029 1059.092 1059.108 1059.113 1059.145 1059.245 1059.458 1059.789 1060.204 1060.680 1061.205 1061.764 1062.344 1062.959 1063.574 1064.152 1064.694 1065.215 1065.740 1066.274 1066.791 1067.286 1067.771 1068.241 1068.704 1069.197 1069.682 1070.145 1070.595 1071.057 1071.551 1072.064 1072.594 1073.128 1073.656 1074.190 1074.752 1075.385 1076.035 1076.657 1077.258 1077.871 1078.541 1079.277 1080.094 1081.091
1053.530 1054.034 1054.389 1054.669 1054.949 1055.269 1055.661 1056.137 1056.665 1057.213 1057.745 1058.186 1058.508 1058.730 1058.888 1059.025 1059.168 1059.319 1059.454 1059.554 1059.605 1059.624 1059.622 1059.631 1059.714 1059.907 1060.217 1060.623 1061.085 1061.585 1062.133 1062.735 1063.349 1063.919 1064.443 1064.948 1065.456 1065.963 1066.468 1066.961 1067.428 1067.869 1068.310 1068.794 1069.299 1069.806 1070.310 1070.827 1071.368 1071.900 1072.419 1072.937 1073.474 1074.043 1074.650 1075.318 1075.990 1076.633 1077.261 1077.890 1078.559 1079.310 1080.164 1081.186
1053.732 1054.245 1054.645 1054.993 1055.334 1055.678 1056.057 1056.497 1056.971 1057.458 1057.955 1058.393 1058.726 1058.973 1059.175 1059.367 1059.556 1059.734 1059.901 1060.047 1060.146 1060.202 1060.212 1060.186 1060.180 1060.257 1060.447 1060.744 1061.098 1061.508 1062.002 1062.556 1063.123 1063.646 1064.135 1064.628 1065.132 1065.626 1066.132 1066.639 1067.108 1067.538 1067.964 1068.452 1068.998 1069.574 1070.145 1070.703 1071.264 1071.795 1072.304 1072.825 1073.393 1074.004 1074.660 1075.363 1076.042 1076.681 1077.315 1077.950 1078.615 1079.364 1080.232 1081.262
1053.988 1054.456 1054.874 1055.298 1055.729 1056.134 1056.530 1056.943 1057.357 1057.770 1058.217 1058.644 1058.996 1059.276 1059.522 1059.753 1059.963 1060.158 1060.363 1060.561 1060.710 1060.803 1060.833 1060.807 1060.766 1060.778 1060.875 1061.058 1061.290 1061.592 1062.006 1062.478 1062.955 1063.400 1063.848 1064.334 1064.847 1065.347 1065.855 1066.362 1066.825 1067.258 1067.708 1068.232 1068.830 1069.467 1070.084 1070.658 1071.211 1071.731 1072.235 1072.771 1073.371 1074.017 1074.723 1075.462 1076.134 1076.747 1077.364 1078.003 1078.671 1079.430 1080.324 1081.384
1054.302 1054.712 1055.128 1055.601 1056.098 1056.562 1056.996 1057.415 1057.799 1058.163 1058.571 1058.991 1059.359 1059.664 1059.945 1060.206 1060.434 1060.655 1060.902 1061.145 1061.329 1061.439 1061.482 1061.477 1061.443 1061.435 1061.474 1061.571 1061.707 1061.911 1062.228 1062.598 1062.969 1063.327 1063.728 1064.207 1064.724 1065.213 1065.699 1066.176 1066.612 1067.046 1067.533 1068.101 1068.729 1069.386 1070.024 1070.615 1071.173 1071.688 1072.194 1072.749 1073.378 1074.059 1074.802 1075.552 1076.209 1076.803 1077.410 1078.062 1078.752 1079.547 1080.497 1081.606
1054.682 1055.055 1055.450 1055.915 1056.416 1056.911 1057.398 1057.867 1058.282 1058.647 1059.028 1059.436 1059.808 1060.115 1060.403 1060.684 1060.952 1061.235 1061.541 1061.818 1062.011 1062.126 1062.185 1062.212 1062.215 1062.228 1062.257 1062.309 1062.400 1062.549 1062.782 1063.055 1063.314 1063.562 1063.882 1064.324 1064.806 1065.243 1065.670 1066.087 1066.482 1066.909 1067.419 1068.011 1068.633 1069.284 1069.946 1070.572 1071.146 1071.663 1072.174 1072.748 1073.409 1074.117 1074.868 1075.606 1076.254 1076.849 1077.459 1078.121 1078.840 1079.679 1080.685 1081.817
1055.168 1055.506 1055.854 1056.267 1056.729 1057.230 1057.769 1058.313 1058.800 1059.204 1059.570 1059.954 1060.313 1060.603 1060.884 1061.180 1061.492 1061.839 1062.202 1062.501 1062.690 1062.805 1062.890 1062.970 1063.044 1063.123 1063.183 1063.237 1063.342 1063.498 1063.692 1063.888 1064.035 1064.142 1064.325 1064.663 1065.061 1065.414 1065.759 1066.105 1066.446 1066.846 1067.350 1067.936 1068.544 1069.198 1069.897 1070.565 1071.156 1071.671 1072.182 1072.765 1073.442 1074.159 1074.895 1075.614 1076.262 1076.869 1077.488 1078.159 1078.902 1079.767 1080.796 1081.911
1055.817 1056.089 1056.356 1056.696 1057.107 1057.591 1058.149 1058.728 1059.267 1059.719 1060.092 1060.459 1060.803 1061.083 1061.366 1061.672 1062.009 1062.385 1062.765 1063.070 1063.263 1063.393 1063.523 1063.689 1063.875 1064.057 1064.198 1064.333 1064.533 1064.753 1064.923 1065.007 1065.008 1064.959 1064.997 1065.212 1065.510 1065.769 1066.020 1066.277 1066.542 1066.879 1067.336 1067.882 1068.468 1069.142 1069.900 1070.626 1071.245 1071.762 1072.270 1072.849 1073.512 1074.197 1074.893 1075.589 1076.242 1076.866 1077.504 1078.191 1078.960 1079.846 1080.868 1081.934
1056.560 1056.727 1056.889 1057.137 1057.493 1057.949 1058.484 1059.042 1059.584 1060.075 1060.490 1060.868 1061.213 1061.507 1061.814 1062.137 1062.479 1062.849 1063.211 1063.510 1063.727 1063.906 1064.107 1064.374 1064.679 1064.987 1065.284 1065.614 1065.985 1066.269 1066.334 1066.196 1065.988 1065.801 1065.755 1065.894 1066.117 1066.298 1066.457 1066.617 1066.781 1067.009 1067.368 1067.840 1068.399 1069.113 1069.966 1070.783 1071.452 1071.975 1072.477 1073.042 1073.663 1074.275 1074.906 1075.570 1076.224 1076.863 1077.527 1078.240 1079.038 1079.935 1080.918 1081.906
1057.211 1057.273 1057.344 1057.520 1057.843 1058.291 1058.807 1059.339 1059.861 1060.361 1060.813 1061.217 1061.571 1061.888 1062.230 1062.579 1062.922 1063.268 1063.592 1063.880 1064.136 1064.384 1064.664 1065.006 1065.396 1065.824 1066.316 1066.895 1067.452 1067.753 1067.645 1067.261 1066.868 1066.602 1066.533 1066.619 1066.760 1066.865 1066.953 1067.043 1067.120 1067.232 1067.479 1067.865 1068.393 1069.150 1070.107 1071.020 1071.745 1072.287 1072.787 1073.339 1073.909 1074.440 1074.992 1075.607 1076.241 1076.876 1077.550 1078.284 1079.118 1080.024 1080.930 1081.801
1057.707 1057.716 1057.733 1057.861 1058.174 1058.643 1059.178 1059.711 1060.207 1060.678 1061.133 1061.549 1061.912 1062.254 1062.638 1063.028 1063.383 1063.701 1063.984 1064.257 1064.541 1064.835 1065.153 1065.526 1065.964 1066.486 1067.143 1067.904 1068.567 1068.860 1068.673 1068.207 1067.752 1067.467 1067.385 1067.401 1067.420 1067.417 1067.444 1067.500 1067.539 1067.584 1067.738 1068.033 1068.503 1069.238 1070.218 1071.180 1071.961 1072.556 1073.094 1073.659 1074.210 1074.696 1075.191 1075.748 1076.327 1076.911 1077.539 1078.249 1079.083 1079.972 1080.796 1081.554
1058.091 1058.092 1058.090 1058.190 1058.505 1059.017 1059.606 1060.160 1060.634 1061.069 1061.504 1061.915 1062.289 1062.648 1063.056 1063.472 1063.843 1064.151 1064.422 1064.698 1065.002 1065.302 1065.613 1065.979 1066.428 1066.989 1067.717 1068.547 1069.268 1069.646 1069.564 1069.165 1068.728 1068.433 1068.306 1068.215 1068.091 1067.972 1067.943 1067.993 1068.045 1068.087 1068.186 1068.378 1068.734 1069.348 1070.235 1071.180 1072.023 1072.730 1073.385 1074.032 1074.623 1075.112 1075.568 1076.054 1076.534 1077.009 1077.531 1078.157 1078.928 1079.756 1080.517 1081.216
1058.401 1058.424 1058.436 1058.536 1058.851 1059.383 1060.011 1060.591 1061.061 1061.481 1061.897 1062.303 1062.697 1063.075 1063.486 1063.904 1064.283 1064.607 1064.914 1065.230 1065.560 1065.849 1066.130 1066.462 1066.875 1067.394 1068.069 1068.836 1069.551 1070.032 1070.130 1069.890 1069.547 1069.289 1069.132 1068.952 1068.736 1068.558 1068.499 1068.547 1068.622 1068.693 1068.775 1068.879 1069.101 1069.556 1070.276 1071.131 1072.013 1072.878 1073.737 1074.547 1075.232 1075.745 1076.144 1076.521 1076.868 1077.207 1077.594 1078.098 1078.752 1079.475 1080.191 1080.893
1058.637 1058.717 1058.781 1058.921 1059.248 1059.775 1060.391 1060.965 1061.440 1061.864 1062.276 1062.685 1063.102 1063.502 1063.921 1064.343 1064.738 1065.101 1065.470 1065.835 1066.183 1066.468 1066.733 1067.037 1067.402 1067.838 1068.371 1068.966 1069.569 1070.074 1070.337 1070.316 1070.157 1070.002 1069.845 1069.608 1069.358 1069.182 1069.124 1069.168 1069.250 1069.347 1069.442 1069.512 1069.629 1069.927 1070.452 1071.163 1072.043 1073.063 1074.163 1075.172 1075.961 1076.473 1076.774 1077.005 1077.214 1077.433 1077.706 1078.102 1078.647 1079.268 1079.935 1080.642
1058.824 1058.981 1059.116 1059.319 1059.676 1060.192 1060.772 1061.323 1061.803 1062.238 1062.660 1063.086 1063.525 1063.943 1064.366 1064.795 1065.212 1065.620 1066.038 1066.432 1066.788 1067.079 1067.353 1067.655 1067.994 1068.369 1068.780 1069.204 1069.642 1070.074 1070.413 1070.571 1070.602 1070.571 1070.449 1070.203 1069.958 1069.820 1069.795 1069.842 1069.930 1070.050 1070.178 1070.265 1070.332 1070.490 1070.812 1071.351 1072.182 1073.300 1074.589 1075.749 1076.615 1077.113 1077.315 1077.411 1077.504 1077.637 1077.836 1078.158 1078.622 1079.156 1079.759 1080.441
1058.975 1059.208 1059.419 1059.683 1060.065 1060.567 1061.127 1061.676 1062.168 1062.615 1063.054 1063.495 1063.939 1064.362 1064.782 1065.206 1065.633 1066.069 1066.514 1066.930 1067.299 1067.620 1067.935 1068.262 1068.600 1068.949 1069.295 1069.609 1069.911 1070.229 1070.532 1070.749 1070.876 1070.921 1070.855 1070.671 1070.491 1070.424 1070.460 1070.531 1070.624 1070.756 1070.907 1071.026 1071.089 1071.157 1071.325 1071.723 1072.477 1073.595 1074.921 1076.107 1077.016 1077.527 1077.701 1077.734 1077.756 1077.827 1077.972 1078.233 1078.621 1079.077 1079.608 1080.234
1059.062 1059.378 1059.669 1059.987 1060.381 1060.866 1061.415 1061.972 1062.474 1062.942 1063.410 1063.869 1064.311 1064.735 1065.163 1065.595 1066.036 1066.486 1066.932 1067.356 1067.751 1068.114 1068.474 1068.828 1069.173 1069.515 1069.829 1070.088 1070.312 1070.537 1070.761 1070.950 1071.087 1071.162 1071.161 1071.084 1071.012 1071.031 1071.126 1071.220 1071.312 1071.443 1071.605 1071.753 1071.841 1071.872 1071.955 1072.263 1072.919 1073.920 1075.127 1076.260 1077.187 1077.728 1077.933 1077.984 1077.994 1078.031 1078.132 1078.333 1078.641 1079.021 1079.475 1080.027
1059.122 1059.514 1059.882 1060.251 1060.655 1061.115 1061.633 1062.173 1062.679 1063.181 1063.699 1064.191 1064.640 1065.069 1065.512 1065.970 1066.444 1066.916 1067.349 1067.762 1068.175 1068.568 1068.947 1069.312 1069.667 1070.017 1070.326 1070.566 1070.760 1070.940 1071.106 1071.245 1071.354 1071.436 1071.496 1071.530 1071.575 1071.677 1071.807 1071.903 1071.986 1072.107 1072.268 1072.449 1072.578 1072.606 1072.647 1072.893 1073.438 1074.275 1075.314 1076.363 1077.257 1077.796 1078.033 1078.135 1078.191 1078.248 1078.342 1078.507 1078.750 1079.057 1079.434 1079.911
1059.189 1059.656 1060.100 1060.524 1060.946 1061.382 1061.850 1062.349 1062.850 1063.381 1063.944 1064.479 1064.951 1065.393 1065.844 1066.326 1066.832 1067.328 1067.761 1068.164 1068.574 1068.969 1069.352 1069.731 1070.105 1070.463 1070.771 1071.011 1071.205 1071.385 1071.547 1071.676 1071.771 1071.849 1071.941 1072.055 1072.197 1072.357 1072.494 1072.572 1072.642 1072.763 1072.940 1073.159 1073.315 1073.341 1073.352 1073.526 1073.945 1074.623 1075.519 1076.481 1077.315 1077.832 1078.089 1078.244 1078.374 1078.507 1078.651 1078.818 1079.013 1079.247 1079.551 1079.968
1059.297 1059.842 1060.352 1060.816 1061.258 1061.676 1062.100 1062.555 1063.037 1063.573 1064.156 1064.724 1065.231 1065.708 1066.187 1066.691 1067.197 1067.677 1068.108 1068.516 1068.922 1069.317 1069.711 1070.119 1070.523 1070.888 1071.193 1071.438 1071.648 1071.854 1072.051 1072.215 1072.324 1072.397 1072.484 1072.627 1072.826 1073.027 1073.164 1073.217 1073.271 1073.401 1073.606 1073.850 1074.007 1074.021 1074.001 1074.095 1074.390 1074.932 1075.726 1076.628 1077.414 1077.911 1078.179 1078.377 1078.592 1078.839 1079.079 1079.273 1079.434 1079.608 1079.861 1080.249
1059.488 1060.095 1060.641 1061.117 1061.562 1061.975 1062.381 1062.815 1063.273 1063.784 1064.353 1064.937 1065.489 1066.021 1066.544 1067.062 1067.543 1067.992 1068.430 1068.864 1069.281 1069.684 1070.099 1070.542 1070.971 1071.339 1071.637 1071.886 1072.114 1072.352 1072.588 1072.788 1072.921 1073.007 1073.099 1073.254 1073.477 1073.697 1073.826 1073.852 1073.885 1074.007 1074.214 1074.455 1074.604 1074.620 1074.595 1074.643 1074.851 1075.285 1075.992 1076.842 1077.596 1078.080 1078.356 1078.588 1078.876 1079.231 1079.575 1079.812 1079.962 1080.111 1080.361 1080.762
1059.715 1060.348 1060.900 1061.373 1061.816 1062.231 1062.648 1063.083 1063.528 1064.011 1064.558 1065.147 1065.728 1066.293 1066.844 1067.373 1067.852 1068.300 1068.762 1069.233 1069.671 1070.092 1070.538 1071.013 1071.452 1071.819 1072.115 1072.367 1072.610 1072.877 1073.141 1073.354 1073.501 1073.617 1073.743 1073.921 1074.144 1074.352 1074.461 1074.473 1074.498 1074.599 1074.769 1074.971 1075.120 1075.175 1075.193 1075.252 1075.423 1075.775 1076.380 1077.136 1077.832 1078.305 1078.606 1078.875 1079.210 1079.636 1080.074 1080.387 1080.569 1080.740 1081.025 1081.457
1059.882 1060.500 1061.049 1061.535 1061.986 1062.414 1062.854 1063.312 1063.765 1064.239 1064.769 1065.343 1065.920 1066.492 1067.064 1067.622 1068.129 1068.598 1069.085 1069.578 1070.028 1070.469 1070.949 1071.455 1071.907 1072.287 1072.601 1072.872 1073.131 1073.416 1073.694 1073.914 1074.075 1074.215 1074.371 1074.572 1074.791 1074.973 1075.060 1075.081 1075.128 1075.230 1075.365 1075.514 1075.657 1075.765 1075.852 1075.957 1076.107 1076.372 1076.843 1077.459 1078.069 1078.532 1078.877 1079.202 1079.580 1080.046 1080.549 1080.945 1081.200 1081.438 1081.774 1082.219
1059.950 1060.538 1061.091 1061.601 1062.070 1062.521 1062.989 1063.482 1063.970 1064.465 1064.994 1065.550 1066.108 1066.679 1067.270 1067.859 1068.390 1068.872 1069.367 1069.862 1070.317 1070.778 1071.288 1071.821 1072.299 1072.715 1073.070 1073.382 1073.674 1073.972 1074.256 1074.494 1074.680 1074.832 1074.991 1075.193 1075.401 1075.560 1075.636 1075.672 1075.755 1075.891 1076.026 1076.141 1076.268 1076.414 1076.572 1076.740 1076.896 1077.092 1077.415 1077.856 1078.353 1078.796 1079.186 1079.579 1080.021 1080.531 1081.071 1081.516 1081.837 1082.143 1082.503 1082.921
1059.933 1060.499 1061.060 1061.597 1062.102 1062.595 1063.104 1063.638 1064.170 1064.695 1065.229 1065.771 1066.312 1066.878 1067.475 1068.071 1068.608 1069.094 1069.595 1070.096 1070.565 1071.043 1071.569 1072.119 1072.628 1073.085 1073.492 1073.857 1074.194 1074.513 1074.810 1075.069 1075.284 1075.451 1075.615 1075.813 1076.002 1076.127 1076.198 1076.257 1076.383 1076.560 1076.719 1076.836 1076.964 1077.136 1077.345 1077.566 1077.745 1077.905 1078.108 1078.387 1078.767 1079.178 1079.588 1080.029 1080.526 1081.073 1081.637 1082.119 1082.492 1082.835 1083.197 1083.577
1059.931 1060.468 1061.014 1061.572 1062.134 1062.688 1063.241 1063.807 1064.373 1064.929 1065.478 1066.008 1066.527 1067.075 1067.655 1068.233 1068.766 1069.267 1069.784 1070.315 1070.822 1071.331 1071.867 1072.411 1072.930 1073.415 1073.866 1074.284 1074.669 1075.018 1075.343 1075.628 1075.864 1076.050 1076.237 1076.455 1076.645 1076.749 1076.831 1076.931 1077.086 1077.259 1077.418 1077.549 1077.702 1077.907 1078.158 1078.412 1078.610 1078.751 1078.873 1079.030 1079.306 1079.680 1080.096 1080.560 1081.070 1081.614 1082.185 1082.704 1083.126 1083.497 1083.861 1084.218
