topofilteredfilled_reavis2.txt
ncols         226
nrows         113
xllcorner     478738.05261719
yllcorner     3713055.61
cellsize      0.995324599004
NODATA_value  1
[rows 29 to 57 of 113, columns 0 to 63 of 226]
1.000 1.000 1.000 1.000 1.000 1.000 1031.057 1031.391 1031.723 1032.029 1032.357 1032.764 1033.236 1033.689 1034.100 1034.556 1035.121 1035.794 1036.539 1037.245 1037.865 1038.398 1038.867 1039.293 1039.709 1040.127 1040.507 1040.821 1041.059 1041.239 1041.431 1041.682 1041.947 1042.169 1042.331 1042.489 1042.679 1042.896 1043.157 1043.480 1043.817 1044.122 1044.392 1044.660 1044.990 1045.452 1046.025 1046.626 1047.174 1047.599 1047.936 1048.207 1048.425 1048.620 1048.825 1049.054 1049.314 1049.646 1050.032 1050.451 1050.891 1051.310 1051.672 1051.931
1.000 1.000 1.000 1.000 1.000 1.000 1.000 1031.833 1032.309 1032.674 1033.005 1033.408 1033.882 1034.338 1034.739 1035.165 1035.712 1036.392 1037.151 1037.862 1038.464 1038.956 1039.365 1039.719 1040.059 1040.406 1040.741 1041.041 1041.282 1041.474 1041.695 1041.999 1042.316 1042.573 1042.764 1042.937 1043.128 1043.341 1043.585 1043.873 1044.183 1044.472 1044.718 1044.955 1045.269 1045.731 1046.282 1046.836 1047.355 1047.801 1048.175 1048.467 1048.688 1048.880 1049.086 1049.314 1049.574 1049.895 1050.257 1050.649 1051.081 1051.526 1051.942 1052.281
1.000 1.000 1.000 1.000 1.000 1.000 1.000 1.000 1032.961 1033.351 1033.669 1034.101 1034.581 1035.062 1035.490 1035.924 1036.461 1037.112 1037.810 1038.448 1038.980 1039.415 1039.779 1040.094 1040.392 1040.699 1041.020 1041.325 1041.575 1041.772 1042.009 1042.352 1042.706 1042.985 1043.197 1043.384 1043.584 1043.803 1044.031 1044.283 1044.576 1044.865 1045.097 1045.304 1045.587 1046.024 1046.550 1047.076 1047.575 1048.030 1048.426 1048.736 1048.969 1049.168 1049.384 1049.624 1049.895 1050.202 1050.520 1050.863 1051.265 1051.718 1052.176 1052.595
1.000 1.000 1.000 1.000 1.000 1.000 1.000 1.000 1.000 1033.906 1034.182 1034.850 1035.352 1035.850 1036.318 1036.788 1037.323 1037.913 1038.499 1039.011 1039.444 1039.812 1040.140 1040.442 1040.727 1041.027 1041.359 1041.681 1041.942 1042.135 1042.370 1042.722 1043.092 1043.380 1043.605 1043.805 1044.019 1044.249 1044.468 1044.697 1044.979 1045.269 1045.500 1045.694 1045.944 1046.327 1046.802 1047.292 1047.771 1048.234 1048.654 1048.990 1049.248 1049.474 1049.726 1050.001 1050.282 1050.562 1050.829 1051.116 1051.471 1051.898 1052.361 1052.830
1.000 1.000 1.000 1.000 1.000 1.000 1.000 1.000 1.000 1.000 1.000 1035.830 1036.185 1036.633 1037.101 1037.590 1038.114 1038.637 1039.114 1039.515 1039.862 1040.171 1040.455 1040.743 1041.035 1041.345 1041.683 1042.009 1042.273 1042.471 1042.712 1043.068 1043.451 1043.759 1044.002 1044.213 1044.425 1044.645 1044.852 1045.072 1045.350 1045.643 1045.884 1046.084 1046.309 1046.623 1047.017 1047.449 1047.902 1048.374 1048.827 1049.203 1049.508 1049.781 1050.079 1050.386 1050.670 1050.930 1051.172 1051.422 1051.724 1052.097 1052.529 1053.005
1.000 1.000 1.000 1.000 1.000 1.000 1.000 1.000 1.000 1.000 1.000 1036.452 1036.907 1037.328 1037.762 1038.224 1038.714 1039.182 1039.593 1039.927 1040.222 1040.506 1040.772 1041.045 1041.336 1041.644 1041.963 1042.273 1042.543 1042.759 1043.013 1043.370 1043.764 1044.099 1044.376 1044.605 1044.807 1045.002 1045.192 1045.415 1045.695 1045.992 1046.247 1046.464 1046.681 1046.942 1047.261 1047.627 1048.045 1048.517 1048.994 1049.416 1049.779 1050.101 1050.428 1050.748 1051.040 1051.314 1051.575 1051.813 1052.063 1052.380 1052.768 1053.218
1.000 1.000 1.000 1.000 1.000 1.000 1.000 1.000 1.000 1.000 1.000 1.000 1037.518 1037.941 1038.366 1038.778 1039.210 1039.621 1039.973 1040.252 1040.521 1040.819 1041.112 1041.396 1041.684 1041.970 1042.252 1042.543 1042.826 1043.066 1043.327 1043.667 1044.046 1044.397 1044.716 1044.977 1045.180 1045.357 1045.536 1045.765 1046.044 1046.342 1046.614 1046.855 1047.088 1047.332 1047.598 1047.897 1048.264 1048.709 1049.190 1049.647 1050.059 1050.422 1050.772 1051.108 1051.428 1051.743 1052.037 1052.276 1052.489 1052.762 1053.118 1053.528
1.000 1.000 1.000 1.000 1.000 1.000 1.000 1.000 1.000 1.000 1.000 1.000 1.000 1038.498 1039.012 1039.373 1039.728 1040.069 1040.363 1040.602 1040.854 1041.162 1041.487 1041.791 1042.074 1042.334 1042.587 1042.869 1043.166 1043.434 1043.702 1044.018 1044.364 1044.705 1045.044 1045.329 1045.542 1045.716 1045.890 1046.118 1046.388 1046.678 1046.962 1047.237 1047.514 1047.772 1048.012 1048.255 1048.559 1048.946 1049.401 1049.867 1050.312 1050.715 1051.097 1051.468 1051.828 1052.181 1052.504 1052.760 1052.961 1053.212 1053.542 1053.907
1.000 1.000 1.000 1.000 1.000 1.000 1.000 1.000 1.000 1.000 1.000 1.000 1.000 1.000 1039.783 1039.994 1040.261 1040.548 1040.821 1041.066 1041.329 1041.636 1041.958 1042.256 1042.514 1042.740 1042.968 1043.241 1043.550 1043.850 1044.130 1044.416 1044.717 1045.024 1045.345 1045.638 1045.873 1046.069 1046.252 1046.477 1046.734 1047.005 1047.287 1047.594 1047.918 1048.206 1048.448 1048.663 1048.906 1049.213 1049.615 1050.073 1050.543 1050.985 1051.398 1051.802 1052.197 1052.583 1052.937 1053.227 1053.448 1053.691 1054.001 1054.330
1.000 1.000 1.000 1.000 1.000 1.000 1.000 1.000 1.000 1.000 1.000 1.000 1.000 1.000 1040.226 1040.514 1040.753 1041.025 1041.326 1041.623 1041.919 1042.218 1042.516 1042.788 1043.004 1043.185 1043.384 1043.641 1043.947 1044.270 1044.568 1044.829 1045.082 1045.343 1045.622 1045.903 1046.167 1046.407 1046.629 1046.865 1047.110 1047.352 1047.617 1047.931 1048.276 1048.579 1048.833 1049.043 1049.245 1049.489 1049.837 1050.269 1050.738 1051.201 1051.639 1052.074 1052.502 1052.920 1053.312 1053.649 1053.920 1054.200 1054.524 1054.840
1.000 1.000 1.000 1.000 1.000 1.000 1.000 1.000 1.000 1.000 1.000 1.000 1.000 1.000 1.000 1041.022 1041.213 1041.488 1041.831 1042.171 1042.478 1042.772 1043.072 1043.349 1043.543 1043.689 1043.866 1044.099 1044.382 1044.702 1045.009 1045.253 1045.471 1045.691 1045.929 1046.189 1046.464 1046.733 1046.991 1047.246 1047.488 1047.708 1047.954 1048.248 1048.576 1048.873 1049.130 1049.344 1049.533 1049.749 1050.058 1050.455 1050.902 1051.369 1051.832 1052.310 1052.783 1053.236 1053.663 1054.045 1054.392 1054.768 1055.174 1055.517
1.000 1.000 1.000 1.000 1.000 1.000 1.000 1.000 1.000 1.000 1.000 1.000 1.000 1.000 1.000 1041.328 1041.641 1041.944 1042.308 1042.661 1042.966 1043.265 1043.585 1043.886 1044.089 1044.233 1044.406 1044.625 1044.887 1045.191 1045.487 1045.716 1045.911 1046.103 1046.316 1046.561 1046.820 1047.069 1047.324 1047.579 1047.820 1048.044 1048.283 1048.540 1048.814 1049.086 1049.351 1049.592 1049.803 1050.019 1050.303 1050.666 1051.083 1051.544 1052.030 1052.559 1053.084 1053.561 1054.007 1054.433 1054.879 1055.400 1055.934 1056.315
1.000 1.000 1.000 1.000 1.000 1.000 1.000 1.000 1.000 1.000 1.000 1.000 1.000 1.000 1.000 1.000 1042.164 1042.430 1042.790 1043.144 1043.453 1043.762 1044.096 1044.411 1044.640 1044.802 1044.974 1045.174 1045.412 1045.690 1045.975 1046.209 1046.399 1046.577 1046.783 1047.026 1047.267 1047.479 1047.695 1047.920 1048.157 1048.401 1048.646 1048.864 1049.069 1049.298 1049.567 1049.841 1050.098 1050.346 1050.628 1050.967 1051.359 1051.808 1052.315 1052.893 1053.453 1053.921 1054.359 1054.823 1055.377 1056.037 1056.660 1057.042
1.000 1.000 1.000 1.000 1.000 1.000 1.000 1.000 1.000 1.000 1.000 1.000 1.000 1.000 1.000 1.000 1042.509 1042.883 1043.251 1043.601 1043.923 1044.244 1044.581 1044.898 1045.145 1045.327 1045.501 1045.684 1045.894 1046.149 1046.433 1046.686 1046.895 1047.083 1047.294 1047.526 1047.748 1047.928 1048.096 1048.280 1048.506 1048.771 1049.024 1049.219 1049.376 1049.561 1049.817 1050.112 1050.422 1050.732 1051.035 1051.357 1051.718 1052.149 1052.664 1053.265 1053.832 1054.275 1054.695 1055.196 1055.839 1056.582 1057.226 1057.586
1.000 1.000 1.000 1.000 1.000 1.000 1.000 1.000 1.000 1.000 1.000 1.000 1.000 1.000 1.000 1.000 1.000 1043.314 1043.651 1043.982 1044.312 1044.647 1044.991 1045.310 1045.569 1045.770 1045.953 1046.137 1046.334 1046.577 1046.854 1047.115 1047.350 1047.579 1047.812 1048.021 1048.209 1048.365 1048.503 1048.656 1048.872 1049.139 1049.382 1049.557 1049.694 1049.859 1050.107 1050.413 1050.766 1051.128 1051.457 1051.763 1052.089 1052.498 1053.006 1053.585 1054.123 1054.552 1054.986 1055.543 1056.256 1057.022 1057.642 1057.982
1.000 1.000 1.000 1.000 1.000 1.000 1.000 1.000 1.000 1.000 1.000 1.000 1.000 1.000 1.000 1.000 1.000 1.000 1043.985 1044.300 1044.631 1044.975 1045.327 1045.660 1045.946 1046.186 1046.395 1046.588 1046.782 1047.011 1047.265 1047.517 1047.777 1048.068 1048.350 1048.554 1048.709 1048.830 1048.933 1049.058 1049.256 1049.511 1049.731 1049.891 1050.025 1050.194 1050.452 1050.775 1051.146 1051.518 1051.851 1052.149 1052.456 1052.840 1053.316 1053.834 1054.316 1054.739 1055.215 1055.841 1056.604 1057.364 1057.949 1058.279
1.000 1.000 1.000 1.000 1.000 1.000 1.000 1.000 1.000 1.000 1.000 1.000 1.000 1.000 1.000 1.000 1.000 1.000 1.000 1044.594 1044.931 1045.290 1045.653 1046.010 1046.344 1046.649 1046.897 1047.093 1047.270 1047.471 1047.702 1047.953 1048.241 1048.585 1048.909 1049.120 1049.251 1049.323 1049.365 1049.434 1049.595 1049.830 1050.040 1050.208 1050.365 1050.554 1050.820 1051.148 1051.516 1051.882 1052.219 1052.528 1052.840 1053.192 1053.596 1054.022 1054.429 1054.850 1055.384 1056.065 1056.839 1057.572 1058.127 1058.467
1.000 1.000 1.000 1.000 1.000 1.000 1.000 1.000 1.000 1.000 1.000 1.000 1.000 1.000 1.000 1.000 1.000 1.000 1.000 1.000 1045.270 1045.684 1046.048 1046.425 1046.814 1047.192 1047.483 1047.672 1047.818 1047.989 1048.213 1048.487 1048.800 1049.151 1049.467 1049.668 1049.768 1049.781 1049.750 1049.756 1049.872 1050.084 1050.306 1050.512 1050.714 1050.933 1051.205 1051.521 1051.872 1052.234 1052.585 1052.923 1053.249 1053.560 1053.881 1054.218 1054.568 1054.994 1055.577 1056.280 1057.015 1057.685 1058.206 1058.579
1.000 1.000 1.000 1.000 1.000 1.000 1.000 1.000 1.000 1.000 1.000 1.000 1.000 1.000 1.000 1.000 1.000 1.000 1.000 1.000 1.000 1046.228 1046.524 1046.911 1047.352 1047.802 1048.136 1048.311 1048.415 1048.541 1048.739 1049.017 1049.342 1049.682 1049.963 1050.126 1050.181 1050.142 1050.064 1050.036 1050.122 1050.317 1050.555 1050.802 1051.056 1051.310 1051.587 1051.882 1052.211 1052.569 1052.933 1053.288 1053.612 1053.888 1054.161 1054.459 1054.796 1055.237 1055.838 1056.521 1057.187 1057.776 1058.263 1058.664
1.000 1.000 1.000 1.000 1.000 1.000 1.000 1.000 1.000 1.000 1.000 1.000 1.000 1.000 1.000 1.000 1.000 1.000 1.000 1.000 1.000 1046.580 1046.980 1047.404 1047.891 1048.422 1048.809 1048.971 1049.016 1049.074 1049.205 1049.432 1049.731 1050.052 1050.301 1050.430 1050.456 1050.400 1050.323 1050.299 1050.380 1050.559 1050.793 1051.058 1051.353 1051.645 1051.935 1052.228 1052.551 1052.900 1053.250 1053.586 1053.884 1054.144 1054.419 1054.741 1055.112 1055.562 1056.125 1056.730 1057.299 1057.809 1058.271 1058.694
1.000 1.000 1.000 1.000 1.000 1.000 1.000 1.000 1.000 1.000 1.000 1.000 1.000 1.000 1.000 1.000 1.000 1.000 1.000 1.000 1.000 1.000 1047.432 1047.868 1048.375 1048.999 1049.431 1049.584 1049.577 1049.560 1049.616 1049.778 1050.027 1050.305 1050.515 1050.617 1050.635 1050.594 1050.548 1050.551 1050.638 1050.806 1051.027 1051.287 1051.596 1051.914 1052.227 1052.538 1052.875 1053.214 1053.534 1053.833 1054.104 1054.360 1054.651 1055.019 1055.437 1055.886 1056.379 1056.889 1057.379 1057.838 1058.278 1058.709
1.000 1.000 1.000 1.000 1.000 1.000 1.000 1.000 1.000 1.000 1.000 1.000 1.000 1.000 1.000 1.000 1.000 1.000 1.000 1.000 1.000 1.000 1.000 1048.292 1048.738 1049.523 1049.937 1050.067 1050.030 1049.967 1049.976 1050.100 1050.311 1050.534 1050.691 1050.764 1050.785 1050.779 1050.780 1050.817 1050.913 1051.074 1051.288 1051.545 1051.850 1052.171 1052.496 1052.820 1053.160 1053.491 1053.791 1054.068 1054.323 1054.578 1054.875 1055.258 1055.693 1056.128 1056.557 1057.000 1057.449 1057.878 1058.299 1058.732
1.000 1.000 1.000 1.000 1.000 1.000 1.000 1.000 1.000 1.000 1.000 1.000 1.000 1.000 1.000 1.000 1.000 1.000 1.000 1.000 1.000 1.000 1.000 1.000 1.000 1050.198 1050.376 1050.442 1050.395 1050.318 1050.300 1050.400 1050.586 1050.764 1050.874 1050.926 1050.965 1050.998 1051.041 1051.108 1051.210 1051.360 1051.564 1051.811 1052.103 1052.422 1052.756 1053.085 1053.421 1053.749 1054.045 1054.314 1054.565 1054.822 1055.110 1055.468 1055.876 1056.283 1056.676 1057.088 1057.518 1057.929 1058.337 1058.785
1.000 1.000 1.000 1.000 1.000 1.000 1.000 1.000 1.000 1.000 1.000 1.000 1.000 1.000 1.000 1.000 1.000 1.000 1.000 1.000 1.000 1.000 1.000 1.000 1.000 1050.518 1050.711 1050.763 1050.727 1050.657 1050.626 1050.700 1050.860 1051.009 1051.093 1051.141 1051.199 1051.265 1051.334 1051.423 1051.531 1051.668 1051.846 1052.068 1052.341 1052.659 1052.996 1053.326 1053.659 1053.992 1054.295 1054.567 1054.823 1055.084 1055.359 1055.675 1056.035 1056.407 1056.779 1057.176 1057.596 1058.001 1058.420 1058.911
1.000 1.000 1.000 1.000 1.000 1.000 1.000 1.000 1.000 1.000 1.000 1.000 1.000 1.000 1.000 1.000 1.000 1.000 1.000 1.000 1.000 1.000 1.000 1.000 1.000 1.000 1051.067 1051.075 1051.048 1050.995 1050.971 1051.036 1051.182 1051.313 1051.384 1051.431 1051.496 1051.572 1051.652 1051.743 1051.844 1051.962 1052.110 1052.297 1052.544 1052.852 1053.186 1053.520 1053.863 1054.214 1054.538 1054.825 1055.092 1055.359 1055.626 1055.906 1056.215 1056.544 1056.889 1057.270 1057.681 1058.087 1058.533 1059.083
1.000 1.000 1.000 1.000 1.000 1.000 1.000 1.000 1.000 1.000 1.000 1.000 1.000 1.000 1.000 1.000 1.000 1.000 1.000 1.000 1.000 1.000 1.000 1.000 1.000 1.000 1051.342 1051.349 1051.351 1051.327 1051.323 1051.390 1051.529 1051.658 1051.733 1051.779 1051.833 1051.899 1051.971 1052.050 1052.135 1052.235 1052.352 1052.506 1052.724 1053.015 1053.347 1053.690 1054.051 1054.425 1054.771 1055.077 1055.357 1055.642 1055.924 1056.197 1056.467 1056.743 1057.048 1057.396 1057.782 1058.182 1058.651 1059.236
1.000 1.000 1.000 1.000 1.000 1.000 1.000 1.000 1.000 1.000 1.000 1.000 1.000 1.000 1.000 1.000 1.000 1.000 1.000 1.000 1.000 1.000 1.000 1.000 1.000 1.000 1051.523 1051.544 1051.631 1051.666 1051.700 1051.781 1051.912 1052.035 1052.108 1052.145 1052.181 1052.234 1052.299 1052.363 1052.430 1052.515 1052.611 1052.743 1052.936 1053.206 1053.531 1053.884 1054.263 1054.650 1055.001 1055.318 1055.623 1055.945 1056.267 1056.557 1056.805 1057.039 1057.300 1057.598 1057.931 1058.302 1058.767 1059.338
1.000 1.000 1.000 1.000 1.000 1.000 1.000 1.000 1.000 1.000 1.000 1.000 1.000 1.000 1.000 1.000 1.000 1.000 1.000 1.000 1.000 1.000 1.000 1.000 1.000 1.000 1.000 1.000 1051.879 1052.015 1052.105 1052.190 1052.293 1052.389 1052.448 1052.479 1052.514 1052.577 1052.657 1052.720 1052.774 1052.846 1052.923 1053.036 1053.206 1053.453 1053.765 1054.123 1054.513 1054.903 1055.253 1055.582 1055.922 1056.296 1056.663 1056.962 1057.193 1057.400 1057.624 1057.864 1058.126 1058.443 1058.861 1059.371
1.000 1.000 1.000 1.000 1.000 1.000 1.000 1.000 1.000 1.000 1.000 1.000 1.000 1.000 1.000 1.000 1.000 1.000 1.000 1.000 1.000 1.000 1.000 1.000 1.000 1.000 1.000 1.000 1.000 1052.350 1052.503 1052.581 1052.642 1052.699 1052.738 1052.769 1052.818 1052.910 1053.022 1053.104 1053.162 1053.229 1053.289 1053.379 1053.522 1053.748 1054.054 1054.420 1054.817 1055.203 1055.542 1055.875 1056.239 1056.646 1057.034 1057.327 1057.554 1057.765 1057.983 1058.191 1058.402 1058.656 1058.998 1059.424
