topofilteredfilled_reavis2.txt
ncols         226
nrows         113
xllcorner     478738.05261719
yllcorner     3713055.61
cellsize      0.995324599004
NODATA_value  1
[rows 29 to 57 of 113, columns 128 to 191 of 226]
1082.455 1083.502 1084.413 1085.054 1085.423 1085.624 1085.807 1086.129 1086.647 1087.291 1087.929 1088.544 1089.167 1089.844 1090.559 1091.259 1091.909 1092.502 1093.084 1093.691 1094.301 1094.918 1095.545 1096.211 1096.883 1097.486 1098.044 1098.578 1099.078 1099.541 1099.994 1100.483 1100.977 1101.462 1101.955 1102.466 1102.978 1103.506 1104.087 1104.709 1105.285 1105.746 1106.192 1106.701 1107.263 1107.818 1108.349 1108.862 1109.344 1109.799 1110.259 1110.748 1111.291 1111.848 1112.354 1112.820 1113.322 1113.902 1114.540 1115.172 1115.735 1116.240 1116.688 1117.138
1082.355 1083.541 1084.530 1085.161 1085.477 1085.629 1085.796 1086.109 1086.603 1087.232 1087.890 1088.537 1089.180 1089.863 1090.573 1091.249 1091.875 1092.456 1093.029 1093.631 1094.234 1094.846 1095.477 1096.153 1096.815 1097.377 1097.903 1098.420 1098.905 1099.363 1099.828 1100.327 1100.822 1101.304 1101.787 1102.292 1102.814 1103.359 1103.956 1104.577 1105.128 1105.555 1105.981 1106.480 1107.032 1107.575 1108.094 1108.599 1109.096 1109.597 1110.108 1110.635 1111.186 1111.735 1112.233 1112.715 1113.251 1113.866 1114.521 1115.142 1115.697 1116.200 1116.688 1117.192
1082.269 1083.510 1084.527 1085.161 1085.469 1085.628 1085.816 1086.134 1086.600 1087.193 1087.848 1088.515 1089.170 1089.849 1090.552 1091.223 1091.837 1092.395 1092.941 1093.523 1094.124 1094.736 1095.370 1096.046 1096.700 1097.256 1097.775 1098.276 1098.738 1099.188 1099.657 1100.157 1100.662 1101.162 1101.661 1102.165 1102.685 1103.229 1103.825 1104.436 1104.964 1105.375 1105.797 1106.290 1106.819 1107.327 1107.824 1108.330 1108.852 1109.391 1109.941 1110.490 1111.030 1111.565 1112.075 1112.596 1113.177 1113.823 1114.485 1115.093 1115.636 1116.148 1116.679 1117.234
1082.286 1083.495 1084.485 1085.120 1085.453 1085.659 1085.896 1086.230 1086.674 1087.230 1087.872 1088.544 1089.199 1089.858 1090.541 1091.208 1091.813 1092.351 1092.872 1093.436 1094.033 1094.640 1095.260 1095.911 1096.553 1097.129 1097.657 1098.137 1098.566 1098.990 1099.450 1099.950 1100.469 1100.994 1101.516 1102.033 1102.556 1103.096 1103.681 1104.274 1104.778 1105.179 1105.597 1106.074 1106.568 1107.044 1107.537 1108.063 1108.618 1109.180 1109.745 1110.301 1110.837 1111.378 1111.923 1112.492 1113.108 1113.758 1114.405 1115.005 1115.555 1116.091 1116.658 1117.241
1082.344 1083.473 1084.412 1085.054 1085.444 1085.726 1086.028 1086.390 1086.826 1087.359 1087.983 1088.640 1089.283 1089.915 1090.560 1091.204 1091.800 1092.336 1092.860 1093.419 1094.007 1094.599 1095.188 1095.797 1096.406 1096.972 1097.488 1097.949 1098.360 1098.767 1099.218 1099.720 1100.251 1100.800 1101.352 1101.892 1102.425 1102.955 1103.500 1104.037 1104.495 1104.883 1105.287 1105.732 1106.199 1106.686 1107.226 1107.812 1108.414 1108.995 1109.564 1110.122 1110.673 1111.247 1111.836 1112.438 1113.059 1113.689 1114.305 1114.903 1115.479 1116.046 1116.636 1117.227
1082.389 1083.451 1084.341 1084.989 1085.450 1085.823 1086.194 1086.593 1087.035 1087.542 1088.123 1088.740 1089.367 1089.992 1090.619 1091.239 1091.823 1092.359 1092.888 1093.436 1094.000 1094.567 1095.127 1095.699 1096.268 1096.798 1097.280 1097.723 1098.138 1098.547 1098.988 1099.482 1100.020 1100.590 1101.158 1101.713 1102.253 1102.773 1103.280 1103.754 1104.168 1104.550 1104.947 1105.371 1105.828 1106.342 1106.938 1107.585 1108.232 1108.833 1109.407 1109.974 1110.562 1111.196 1111.830 1112.442 1113.046 1113.643 1114.228 1114.828 1115.437 1116.043 1116.653 1117.244
1082.516 1083.543 1084.375 1084.997 1085.501 1085.949 1086.383 1086.820 1087.265 1087.729 1088.243 1088.803 1089.407 1090.036 1090.672 1091.290 1091.873 1092.404 1092.915 1093.429 1093.953 1094.497 1095.046 1095.593 1096.122 1096.614 1097.066 1097.502 1097.935 1098.362 1098.799 1099.280 1099.817 1100.392 1100.957 1101.505 1102.033 1102.532 1103.013 1103.465 1103.879 1104.283 1104.701 1105.133 1105.591 1106.113 1106.724 1107.388 1108.047 1108.664 1109.251 1109.835 1110.460 1111.151 1111.826 1112.448 1113.043 1113.618 1114.175 1114.761 1115.376 1116.009 1116.633 1117.227
1082.737 1083.708 1084.460 1085.034 1085.550 1086.053 1086.540 1087.005 1087.447 1087.868 1088.326 1088.846 1089.430 1090.061 1090.712 1091.343 1091.930 1092.450 1092.935 1093.411 1093.892 1094.405 1094.927 1095.421 1095.897 1096.364 1096.828 1097.293 1097.759 1098.213 1098.663 1099.144 1099.675 1100.240 1100.791 1101.322 1101.824 1102.294 1102.756 1103.209 1103.645 1104.089 1104.550 1105.016 1105.493 1106.024 1106.626 1107.266 1107.899 1108.506 1109.101 1109.696 1110.331 1111.040 1111.748 1112.399 1113.008 1113.581 1114.129 1114.699 1115.297 1115.923 1116.545 1117.140
1082.914 1083.820 1084.515 1085.060 1085.572 1086.097 1086.605 1087.083 1087.532 1087.945 1088.384 1088.885 1089.451 1090.072 1090.720 1091.352 1091.931 1092.447 1092.924 1093.377 1093.825 1094.294 1094.753 1095.173 1095.601 1096.074 1096.590 1097.110 1097.613 1098.092 1098.565 1099.058 1099.584 1100.136 1100.667 1101.164 1101.620 1102.060 1102.509 1102.966 1103.428 1103.909 1104.411 1104.925 1105.453 1106.017 1106.618 1107.227 1107.818 1108.401 1108.996 1109.600 1110.225 1110.915 1111.630 1112.309 1112.941 1113.524 1114.078 1114.642 1115.216 1115.803 1116.399 1116.993
1082.960 1083.830 1084.517 1085.064 1085.570 1086.092 1086.604 1087.093 1087.565 1088.002 1088.445 1088.933 1089.482 1090.085 1090.709 1091.309 1091.867 1092.386 1092.867 1093.302 1093.726 1094.160 1094.571 1094.946 1095.361 1095.852 1096.409 1096.963 1097.481 1097.970 1098.454 1098.945 1099.455 1099.989 1100.502 1100.972 1101.393 1101.815 1102.260 1102.727 1103.216 1103.725 1104.262 1104.826 1105.411 1106.015 1106.624 1107.220 1107.789 1108.359 1108.954 1109.554 1110.152 1110.810 1111.516 1112.206 1112.852 1113.443 1113.999 1114.554 1115.109 1115.659 1116.233 1116.845
1082.931 1083.797 1084.510 1085.068 1085.558 1086.064 1086.576 1087.081 1087.576 1088.030 1088.477 1088.959 1089.501 1090.088 1090.677 1091.229 1091.752 1092.262 1092.740 1093.168 1093.586 1094.011 1094.409 1094.791 1095.227 1095.727 1096.282 1096.830 1097.345 1097.837 1098.318 1098.778 1099.237 1099.734 1100.242 1100.714 1101.139 1101.572 1102.024 1102.508 1103.024 1103.559 1104.125 1104.723 1105.335 1105.956 1106.578 1107.192 1107.778 1108.361 1108.963 1109.537 1110.092 1110.714 1111.407 1112.104 1112.764 1113.365 1113.922 1114.459 1114.990 1115.520 1116.090 1116.723
1082.850 1083.718 1084.460 1085.032 1085.515 1086.013 1086.532 1087.051 1087.557 1088.013 1088.454 1088.934 1089.482 1090.064 1090.628 1091.141 1091.627 1092.106 1092.573 1093.013 1093.437 1093.851 1094.252 1094.664 1095.132 1095.624 1096.139 1096.656 1097.166 1097.669 1098.143 1098.554 1098.947 1099.404 1099.919 1100.428 1100.901 1101.364 1101.831 1102.326 1102.868 1103.431 1104.015 1104.624 1105.238 1105.865 1106.503 1107.151 1107.768 1108.363 1108.962 1109.512 1110.031 1110.620 1111.301 1112.008 1112.686 1113.298 1113.850 1114.368 1114.884 1115.413 1115.990 1116.632
1082.660 1083.494 1084.253 1084.864 1085.389 1085.917 1086.449 1086.966 1087.464 1087.921 1088.370 1088.864 1089.423 1090.004 1090.557 1091.054 1091.511 1091.957 1092.413 1092.871 1093.301 1093.701 1094.095 1094.522 1095.004 1095.476 1095.939 1096.418 1096.935 1097.469 1097.949 1098.326 1098.677 1099.114 1099.643 1100.194 1100.720 1101.226 1101.715 1102.218 1102.773 1103.346 1103.925 1104.523 1105.143 1105.793 1106.457 1107.128 1107.754 1108.328 1108.894 1109.424 1109.940 1110.520 1111.189 1111.889 1112.571 1113.196 1113.758 1114.288 1114.815 1115.362 1115.955 1116.608
1082.325 1083.116 1083.897 1084.579 1085.183 1085.760 1086.305 1086.811 1087.300 1087.769 1088.242 1088.758 1089.318 1089.895 1090.447 1090.940 1091.385 1091.815 1092.268 1092.737 1093.167 1093.551 1093.928 1094.340 1094.806 1095.255 1095.675 1096.124 1096.656 1097.233 1097.743 1098.125 1098.479 1098.921 1099.458 1100.025 1100.578 1101.126 1101.659 1102.180 1102.727 1103.285 1103.844 1104.429 1105.061 1105.728 1106.395 1107.058 1107.668 1108.220 1108.774 1109.313 1109.846 1110.429 1111.077 1111.755 1112.432 1113.080 1113.679 1114.242 1114.790 1115.350 1115.960 1116.632
1081.938 1082.699 1083.500 1084.251 1084.923 1085.536 1086.084 1086.587 1087.084 1087.578 1088.086 1088.623 1089.181 1089.757 1090.317 1090.810 1091.249 1091.679 1092.133 1092.598 1093.010 1093.374 1093.735 1094.128 1094.560 1094.975 1095.371 1095.820 1096.393 1097.033 1097.593 1098.001 1098.372 1098.817 1099.343 1099.893 1100.439 1101.011 1101.590 1102.139 1102.680 1103.225 1103.780 1104.368 1105.012 1105.680 1106.321 1106.937 1107.510 1108.057 1108.633 1109.214 1109.785 1110.383 1111.012 1111.660 1112.329 1112.999 1113.632 1114.219 1114.776 1115.345 1115.973 1116.657
1081.620 1082.364 1083.153 1083.929 1084.630 1085.262 1085.816 1086.326 1086.837 1087.361 1087.907 1088.467 1089.026 1089.604 1090.170 1090.664 1091.105 1091.541 1091.991 1092.432 1092.814 1093.164 1093.530 1093.934 1094.352 1094.748 1095.149 1095.630 1096.264 1096.962 1097.555 1097.978 1098.359 1098.797 1099.304 1099.827 1100.344 1100.890 1101.461 1102.022 1102.586 1103.163 1103.752 1104.365 1105.004 1105.635 1106.221 1106.782 1107.332 1107.889 1108.490 1109.115 1109.736 1110.372 1111.004 1111.626 1112.278 1112.950 1113.596 1114.192 1114.754 1115.339 1115.984 1116.675
1081.382 1082.119 1082.882 1083.656 1084.363 1085.004 1085.574 1086.101 1086.629 1087.180 1087.755 1088.325 1088.874 1089.435 1089.990 1090.486 1090.936 1091.383 1091.819 1092.232 1092.600 1092.970 1093.379 1093.825 1094.258 1094.656 1095.067 1095.583 1096.261 1096.982 1097.574 1098.008 1098.409 1098.851 1099.343 1099.843 1100.329 1100.825 1101.349 1101.901 1102.495 1103.122 1103.757 1104.402 1105.034 1105.618 1106.147 1106.661 1107.195 1107.757 1108.371 1109.027 1109.686 1110.351 1110.986 1111.588 1112.222 1112.894 1113.544 1114.140 1114.713 1115.328 1115.998 1116.696
1081.180 1081.923 1082.678 1083.465 1084.189 1084.842 1085.422 1085.959 1086.498 1087.068 1087.655 1088.210 1088.731 1089.253 1089.775 1090.264 1090.732 1091.200 1091.638 1092.051 1092.443 1092.868 1093.338 1093.827 1094.281 1094.699 1095.134 1095.672 1096.353 1097.052 1097.621 1098.070 1098.498 1098.956 1099.447 1099.931 1100.392 1100.846 1101.324 1101.850 1102.448 1103.104 1103.779 1104.465 1105.112 1105.674 1106.156 1106.632 1107.157 1107.721 1108.333 1108.989 1109.654 1110.324 1110.955 1111.551 1112.177 1112.841 1113.480 1114.067 1114.647 1115.291 1115.990 1116.703
1080.940 1081.687 1082.461 1083.292 1084.058 1084.728 1085.314 1085.862 1086.412 1086.993 1087.576 1088.103 1088.588 1089.077 1089.571 1090.048 1090.527 1091.014 1091.474 1091.924 1092.369 1092.852 1093.366 1093.874 1094.341 1094.792 1095.269 1095.823 1096.467 1097.103 1097.646 1098.117 1098.580 1099.059 1099.558 1100.037 1100.493 1100.936 1101.396 1101.898 1102.467 1103.113 1103.815 1104.540 1105.209 1105.768 1106.227 1106.695 1107.240 1107.823 1108.432 1109.065 1109.701 1110.348 1110.972 1111.573 1112.182 1112.807 1113.409 1113.976 1114.561 1115.229 1115.960 1116.700
1080.682 1081.427 1082.239 1083.126 1083.941 1084.633 1085.221 1085.774 1086.328 1086.903 1087.466 1087.967 1088.434 1088.915 1089.400 1089.866 1090.350 1090.850 1091.347 1091.848 1092.346 1092.859 1093.385 1093.895 1094.373 1094.854 1095.372 1095.935 1096.530 1097.097 1097.621 1098.121 1098.634 1099.159 1099.679 1100.158 1100.613 1101.057 1101.524 1102.021 1102.568 1103.188 1103.892 1104.623 1105.297 1105.863 1106.342 1106.851 1107.444 1108.057 1108.663 1109.263 1109.846 1110.435 1111.031 1111.624 1112.209 1112.786 1113.347 1113.905 1114.502 1115.193 1115.956 1116.731
1080.512 1081.227 1082.037 1082.940 1083.796 1084.517 1085.116 1085.675 1086.228 1086.782 1087.313 1087.794 1088.262 1088.744 1089.223 1089.688 1090.179 1090.687 1091.213 1091.753 1092.286 1092.809 1093.324 1093.828 1094.321 1094.818 1095.351 1095.914 1096.478 1097.020 1097.565 1098.116 1098.691 1099.272 1099.818 1100.294 1100.732 1101.170 1101.659 1102.190 1102.752 1103.356 1104.034 1104.735 1105.393 1105.971 1106.487 1107.050 1107.692 1108.325 1108.923 1109.489 1110.031 1110.567 1111.123 1111.697 1112.261 1112.805 1113.346 1113.914 1114.535 1115.247 1116.026 1116.813
1080.526 1081.205 1081.985 1082.868 1083.728 1084.456 1085.051 1085.599 1086.132 1086.645 1087.131 1087.594 1088.052 1088.513 1088.981 1089.469 1089.995 1090.530 1091.078 1091.642 1092.194 1092.711 1093.207 1093.708 1094.223 1094.748 1095.290 1095.853 1096.412 1096.970 1097.557 1098.157 1098.774 1099.386 1099.950 1100.431 1100.863 1101.303 1101.815 1102.392 1102.987 1103.587 1104.239 1104.898 1105.528 1106.115 1106.670 1107.262 1107.915 1108.557 1109.155 1109.703 1110.227 1110.749 1111.294 1111.865 1112.418 1112.946 1113.491 1114.081 1114.715 1115.426 1116.189 1116.947
1080.777 1081.426 1082.187 1083.035 1083.852 1084.536 1085.088 1085.589 1086.066 1086.513 1086.938 1087.362 1087.785 1088.214 1088.693 1089.238 1089.820 1090.391 1090.962 1091.546 1092.104 1092.605 1093.080 1093.580 1094.122 1094.689 1095.251 1095.820 1096.397 1096.992 1097.613 1098.244 1098.882 1099.508 1100.079 1100.570 1101.015 1101.469 1101.998 1102.613 1103.240 1103.847 1104.486 1105.108 1105.705 1106.299 1106.893 1107.499 1108.141 1108.789 1109.401 1109.948 1110.471 1111.008 1111.576 1112.159 1112.708 1113.230 1113.795 1114.411 1115.042 1115.732 1116.459 1117.163
1081.291 1081.918 1082.650 1083.428 1084.148 1084.741 1085.220 1085.641 1086.032 1086.399 1086.768 1087.159 1087.554 1087.971 1088.481 1089.079 1089.698 1090.288 1090.869 1091.465 1092.030 1092.528 1093.000 1093.506 1094.072 1094.674 1095.255 1095.829 1096.425 1097.049 1097.692 1098.345 1099.001 1099.637 1100.211 1100.711 1101.180 1101.660 1102.198 1102.832 1103.488 1104.119 1104.758 1105.361 1105.942 1106.541 1107.155 1107.758 1108.384 1109.041 1109.670 1110.230 1110.758 1111.314 1111.909 1112.512 1113.068 1113.592 1114.167 1114.798 1115.428 1116.100 1116.798 1117.460
1081.993 1082.585 1083.249 1083.920 1084.522 1085.017 1085.419 1085.754 1086.052 1086.345 1086.682 1087.070 1087.465 1087.886 1088.407 1089.015 1089.643 1090.235 1090.812 1091.411 1091.991 1092.504 1092.987 1093.500 1094.068 1094.679 1095.272 1095.847 1096.456 1097.102 1097.765 1098.443 1099.120 1099.774 1100.359 1100.879 1101.386 1101.900 1102.435 1103.059 1103.726 1104.385 1105.030 1105.634 1106.228 1106.840 1107.452 1108.034 1108.644 1109.316 1109.973 1110.552 1111.083 1111.639 1112.235 1112.844 1113.412 1113.943 1114.519 1115.154 1115.790 1116.447 1117.119 1117.766
1082.743 1083.294 1083.874 1084.443 1084.960 1085.392 1085.729 1085.992 1086.218 1086.458 1086.772 1087.165 1087.574 1087.994 1088.494 1089.080 1089.704 1090.293 1090.846 1091.426 1092.012 1092.547 1093.048 1093.564 1094.118 1094.712 1095.298 1095.866 1096.477 1097.139 1097.822 1098.520 1099.217 1099.894 1100.505 1101.063 1101.622 1102.174 1102.705 1103.297 1103.955 1104.625 1105.269 1105.888 1106.515 1107.147 1107.749 1108.308 1108.909 1109.602 1110.294 1110.899 1111.433 1111.981 1112.564 1113.166 1113.740 1114.279 1114.847 1115.475 1116.112 1116.754 1117.404 1118.049
1083.399 1083.909 1084.433 1084.950 1085.454 1085.889 1086.212 1086.433 1086.610 1086.808 1087.087 1087.458 1087.859 1088.259 1088.720 1089.274 1089.892 1090.474 1090.995 1091.539 1092.117 1092.662 1093.178 1093.702 1094.233 1094.792 1095.357 1095.915 1096.525 1097.194 1097.889 1098.596 1099.300 1099.990 1100.627 1101.218 1101.813 1102.401 1102.948 1103.529 1104.191 1104.876 1105.503 1106.117 1106.756 1107.393 1107.987 1108.554 1109.177 1109.884 1110.592 1111.214 1111.756 1112.300 1112.875 1113.466 1114.042 1114.592 1115.161 1115.782 1116.416 1117.049 1117.685 1118.327
1083.995 1084.462 1084.947 1085.443 1085.959 1086.436 1086.792 1087.018 1087.183 1087.357 1087.588 1087.890 1088.229 1088.582 1089.004 1089.528 1090.130 1090.699 1091.201 1091.725 1092.295 1092.840 1093.365 1093.887 1094.398 1094.926 1095.472 1096.028 1096.635 1097.298 1097.996 1098.714 1099.425 1100.116 1100.756 1101.341 1101.926 1102.527 1103.109 1103.709 1104.391 1105.093 1105.698 1106.293 1106.927 1107.562 1108.163 1108.767 1109.427 1110.135 1110.837 1111.469 1112.032 1112.584 1113.155 1113.734 1114.311 1114.881 1115.463 1116.085 1116.724 1117.349 1117.962 1118.565
1084.591 1085.013 1085.460 1085.929 1086.443 1086.951 1087.346 1087.604 1087.790 1087.969 1088.170 1088.403 1088.655 1088.934 1089.294 1089.769 1090.347 1090.915 1091.425 1091.961 1092.544 1093.102 1093.641 1094.157 1094.644 1095.142 1095.671 1096.228 1096.827 1097.478 1098.181 1098.911 1099.616 1100.277 1100.886 1101.442 1101.998 1102.595 1103.206 1103.824 1104.509 1105.205 1105.815 1106.424 1107.079 1107.740 1108.381 1109.025 1109.696 1110.378 1111.055 1111.697 1112.282 1112.846 1113.411 1113.979 1114.559 1115.149 1115.748 1116.374 1117.017 1117.634 1118.220 1118.780
